101010101 1.0 0.56693712232 6.38381436068
776258.73666 0.019509509955 10.0 -10.0
101010101 47.7578261569 12.2674219672 6.38381436068
1630158.10185 0.0441906948302 11.0491876783 -10.4292951847
1290865.91222 0.033721697097 10.4592986884 -10.2065727404
101010101 98.0357392686 21.5735831501 6.38381436068
1858457.49651 0.052150391837 11.7172704209 -10.6503438267
1662075.56896 0.0453696446768 11.2025946657 -10.476776983
1394039.89598 0.0369008111361 10.6780196535 -10.289291547
901786.323093 0.0229793233129 10.1427773761 -10.065318103
101010101 144.65526775 29.2541748438 6.38381436068
1984242.13646 0.0569344355406 12.1993701369 -10.8003949084
1840050.41758 0.0515805760069 11.7258267144 -10.648100991
1661346.76198 0.045410132467 11.245728438 -10.487131636
1423127.56038 0.0378190770656 10.7510570176 -10.3124745626
1027444.89193 0.0263373952303 10.1959021529 -10.1182837659
101010101 194.370824127 36.8389339617 6.38381436068
2087498.19208 0.0610701383336 12.6364861191 -10.9315224057
1970322.83076 0.0564582983534 12.1920785299 -10.7938103101
1832646.05945 0.051369965426 11.7434707815 -10.6499130407
1664281.07287 0.0455551801684 11.2868985515 -10.4978275574
1443451.40882 0.0384864413155 10.8210672337 -10.3337669012
1102435.74995 0.0284840694477 10.3262222789 -10.1467721897
101010101 239.65526878 43.3544187941 6.38381436068
2162551.53823 0.0642214751697 12.9872962156 -11.0337696611
2061115.53208 0.060047338968 12.5617816534 -10.905423228
1945144.72848 0.0555419133554 12.1340029223 -10.7723610498
1809210.87163 0.0505713880833 11.7012426629 -10.633326794
1643665.0595 0.0449030999139 11.2614093954 -10.4864817875
1428142.14824 0.0380342467929 10.8057670266 -10.3285033447
1098084.49944 0.028056486687 10.1116662254 -10.1495427242
101010101 289.842955796 50.221785703 6.38381436068
2232358.14064 0.0672761572175 13.3419780541 -11.1348379743
2143254.45067 0.0634478739506 12.9326032794 -11.0144727979
2043370.86255 0.0593788615787 12.5224722567 -10.8904638082
1929380.66811 0.054990187867 12.109498925 -10.7619180128
1796424.59797 0.0501559302299 11.6916836243 -10.6276583179
1634828.19392 0.0446430226446 11.2642210652 -10.4856723221
1425509.39337 0.037974291627 10.8155727031 -10.331978747
1109973.28499 0.0287452621944 10.3636057435 -10.168914232
101010101 337.733614819 56.5348634064 6.38381436068
2289334.06255 0.0698652365525 13.6537207616 -11.2217334471
2208932.97463 0.0662827386695 13.2563759344 -11.1073653961
2120063.52392 0.0625166990083 12.8592188739 -10.9900226921
2020540.78031 0.0585097488919 12.4599839146 -10.8688012859
1907311.10871 0.0541929343213 12.0587021021 -10.7435855933
1775075.75712 0.0494322716111 11.6506307234 -10.6123678383
1614657.19521 0.0439999625155 11.2321945881 -10.4734587113
1406417.86619 0.0374213017389 10.8021185428 -10.324087085
1093566.51711 0.028265444675 10.3329906195 -10.1555671951
101010101 382.840336633 62.2826059202 6.38381436068
2336466.57211 0.072079074562 13.9283002128 -11.2968498098
2262683.92959 0.0686860831022 13.5401951576 -11.1871412933
2181853.98155 0.0651418179896 13.1528358176 -11.074885466
2092464.5478 0.061410070224 12.7647675185 -10.9595501882
1992182.98401 0.0574319993383 12.3752520424 -10.8407438026
1878047.70356 0.0531383139764 11.9811634461 -10.7171661322
1744183.24938 0.0483823502952 11.5803031137 -10.5877886197
1581255.43475 0.0429321971852 11.1706638383 -10.4508254211
1368207.41032 0.0362739371934 10.7441981174 -10.3027645952
1040654.21932 0.0268167221636 10.2966164954 -10.1334694148
101010101 429.299965777 68.057445549 6.38381436068
2380358.16312 0.0742004133671 14.1966085779 -11.3691077343
2311968.04882 0.0709605559917 13.8165197414 -11.2634952695
2237745.96397 0.0675997068508 13.4376490451 -11.15568974
2156526.27701 0.06408972262 13.0588474156 -11.0452905518
2066549.0062 0.0603860555449 12.679279814 -10.9319040654
1965103.1719 0.0564405655479 12.2970753694 -10.8147900754
1850562.385 0.0521596123946 11.9104187742 -10.6931263766
1715566.9484 0.0474155716801 11.5173824152 -10.5656646042
1550518.79989 0.0419544757568 11.1134228066 -10.4303715377
1333226.73329 0.0352351811883 10.6951150848 -10.2836970643
988966.490532 0.0251546352776 10.0762114069 -10.1062101595
101010101 483.978695132 74.633626123 6.38381436068
2426585.38102 0.0765037041051 14.4953073098 -11.4481752428
2363595.39116 0.073418670546 14.1230909945 -11.3466584262
2295601.92866 0.0702325484966 13.7525404606 -11.243278608
2221901.38112 0.0669290428609 13.3827546825 -11.1377330218
2141280.84921 0.0634747623367 13.0129366263 -11.0296840391
2052127.49802 0.0598325356462 12.64190909 -10.918677282
1952723.16907 0.0559639461197 12.268196746 -10.8040698375
1838318.16716 0.0517395887 11.8902974254 -10.6850411701
1704714.75879 0.0470672840993 11.5058403891 -10.5605228582
1541527.18088 0.0416875725864 11.1105300215 -10.4280170143
1326259.67957 0.0350578313541 10.7157432075 -10.2824889938
989672.788021 0.0254207708823 10.2475701048 -10.1192119627
101010101 529.544302928 79.9792755845 6.38381436068
2461488.61317 0.0782938159809 14.7328086046 -11.5100726559
2402827.64807 0.0753425308505 14.3663192335 -11.4115699837
2338504.94065 0.0722493180811 14.0014236906 -11.3112842416
2269943.86237 0.0690868217913 13.6378835026 -11.2091622894
2195435.63385 0.0657975116901 13.2748132263 -11.1048546765
2113819.64056 0.0623541649468 12.911218124 -10.9979844819
2023216.74434 0.0587142215527 12.5459190226 -10.8880545122
1922024.14415 0.0548269406719 12.1777029283 -10.7744616513
1805779.08052 0.0505936585201 11.8043447471 -10.6562324489
1668393.11535 0.0458790639407 11.4234216697 -10.5320318236
1500850.24528 0.0404396380236 11.0664488092 -10.3996939242
1276153.21178 0.0335598886407 10.6189121158 -10.255700519
901231.331865 0.0230382379014 10.1919583254 -10.0864584608
101010101 574.066524182 85.1108377437 6.38381436068
2493232.1648 0.079958582524 14.9561140765 -11.5674938495
2436984.78627 0.0770671933734 14.5942742773 -11.4715175318
2376657.52 0.0741037371775 14.2344364019 -11.3740096337
2312524.67789 0.0710535717121 13.8761240038 -11.2748106876
2243059.78405 0.0679011187302 13.5187364701 -11.1737005142
2167495.00252 0.0646182727134 13.1613182342 -11.07032327
2084529.86675 0.0611721030206 12.8030262346 -10.964337435
1992605.9749 0.0575280971411 12.4426985887 -10.8552080429
1888974.37588 0.0536147297522 12.0787893227 -10.7422741146
1770012.79894 0.0493449360715 11.7093635549 -10.624567599
1629021.65709 0.0445671802058 11.3456196756 -10.5007297688
1453291.61416 0.0389238388218 10.9409005924 -10.3683053551
1212672.34338 0.0317202734366 10.534079712 -10.2226812781
769044.889599 0.0194481146296 10.0707358964 -10.0118471957
101010101 623.193031577 90.6660847492 6.38381436068
2525707.79588 0.081703180407 15.1940008353 -11.6278920238
2472486.41671 0.0788986014493 14.8367257956 -11.5344441383
2415854.93535 0.0760304086363 14.4816972139 -11.4396380134
2355459.34081 0.0730911065508 14.1284637966 -11.3433273511
2290602.48722 0.0700628464968 13.7765583035 -11.2453468937
2220600.73043 0.0669285873878 13.4250615293 -11.1453667359
2144503.36998 0.0636643773447 13.0733565977 -11.0431436052
2060781.98812 0.0602311776527 12.720548752 -10.9382902409
1967828.42135 0.0565911694109 12.3655252194 -10.8303395107
1863158.90774 0.0526835181313 12.0063942858 -10.71841869
1742394.4549 0.0484047455443 11.6472120778 -10.6018684733
1598709.35503 0.043568546129 11.2680190778 -10.4788324915
1418256.47429 0.0378531667539 10.8826230884 -10.3473607883
1165483.13714 0.0302429980126 10.440834395 -10.1113267764
650641.583293 0.0163524065456 10.0 -10.0
101010101 669.584862007 95.8087202285 6.38381436068
2554042.23097 0.0832616031596 15.4106384288 -11.6821471141
2503329.83658 0.0805293976682 15.0571401363 -11.5908414396
2449636.19714 0.0777430347116 14.7060984307 -11.4983220121
2392974.74331 0.074914652888 14.3554565139 -11.4037993286
2331269.73874 0.0719647846148 14.0094436241 -11.3089911177
2265726.21594 0.0689503282107 13.6627383693 -11.2118106622
2194769.83122 0.0658207168892 13.3164163838 -11.1126991762
2117551.95547 0.0625576862705 12.9694954111 -11.0112493821
2032623.56845 0.0591237955925 12.6211690215 -10.907126902
1938038.25828 0.0554717260661 12.2701072064 -10.7997465079
1831095.84027 0.0515377145299 11.9175253006 -10.6884201018
1707026.52047 0.0471943376728 11.5528560811 -10.5719215655
1558530.89266 0.0422734381835 11.1822412939 -10.4490423151
1370146.83755 0.0363990761379 10.792845974 -10.3376181095
1096936.09385 0.0280735477041 10.1286280265 -10.1673784497
220620.208349 0.00554479060627 10.0 -10.0
101010101 720.19785648 101.299032034 6.38381436068
2583159.39302 0.0848965562301 15.6397760693 -11.7388448568
2534824.28545 0.0822322209161 15.289908404 -11.6496542918
2483809.51282 0.0795227680106 14.9425928751 -11.5593452489
2429711.49135 0.0767571070634 14.5973026392 -11.4677601241
2371911.20893 0.0739286759891 14.2542418813 -11.3749465774
2310644.10051 0.0710198423129 13.9121975095 -11.2805263456
2244566.43681 0.0680200845157 13.5708406926 -11.1843617707
2173092.65572 0.0649065235079 13.229504833 -11.0861877088
2095145.49125 0.0616515990182 12.8875085027 -10.9857249957
2009144.54758 0.0582224783871 12.5430395135 -10.8822115609
1913492.12909 0.0545663485294 12.1983469199 -10.7760089387
1804858.00871 0.050611318545 11.8453782961 -10.6653003506
1678397.71409 0.0462362035386 11.4871567972 -10.5494798824
1525445.28225 0.0412274524015 11.1176765316 -10.4302146782
1327916.53286 0.0351751527156 10.7755403272 -10.293101247
1033741.703 0.02665870947 10.3123992805 -10.1433876114
101010101 770.810850952 106.717392024 6.38381436068
2610180.7295 0.0864509018985 15.8620588795 -11.7931680742
2564177.4323 0.0838566479107 15.5153754844 -11.7058912608
2515538.69893 0.0812135566753 15.1714023412 -11.6176062548
2464138.4123 0.0785227287042 14.8296575858 -11.5281766355
2409665.87391 0.0757766362531 14.4902089177 -11.4375937364
2351713.19301 0.0729642227292 14.1521896099 -11.3456179467
2289643.69472 0.0700693261978 13.8151369888 -11.2520662407
2222955.39627 0.067079851321 13.4785829248 -11.1567603021
2150763.3564 0.0639737239283 13.1418193016 -11.0594161867
2071988.75132 0.0607253097196 12.8039023125 -10.9596659917
1985026.93462 0.0572924925227 12.4649101591 -10.8571940929
1888001.87357 0.0536314254886 12.1209515749 -10.751248742
1777442.12047 0.0496538889856 11.7727134045 -10.6411107083
1647665.18048 0.0452411559973 11.4166435939 -10.5265484472
1491571.90005 0.0401654811935 11.0583932646 -10.4029632703
1287340.13434 0.0339253994219 10.6658748438 -10.2696169127
970721.66219 0.0246766174602 10.0724037637 -10.1007756041
101010101 811.30124653 110.977496103 6.38381436068
2630823.30694 0.0876593141979 16.0353619378 -11.8350605725
2586225.80499 0.0851021378743 15.6910035721 -11.7492092872
2539369.21611 0.0825102769605 15.3494055953 -11.662404398
2489915.27335 0.0798727619753 15.0101703595 -11.5745421493
2437532.3652 0.077182067889 14.6733344631 -11.4856060138
2382466.45387 0.0744574219554 14.3380150759 -11.3953440271
2322985.96395 0.0716225583689 14.0041529759 -11.3037411496
2259629.66995 0.0687209895208 13.6709617413 -11.2104952961
2191378.56191 0.0657170741897 13.3379173702 -11.1154045187
2117360.05147 0.0625900815792 13.0042778354 -11.0181855909
2036275.29425 0.0593074782719 12.6697313456 -10.9184905395
1946580.63342 0.0558312552551 12.3318160682 -10.8158487554
1845702.54921 0.0520980689853 11.9904747488 -10.7096103847
1730316.56162 0.048024502004 11.64320725 -10.5992679449
1593906.362 0.0434510211307 11.2914289939 -10.4823582075
1424234.54362 0.038068080878 10.9193905731 -10.3577803908
1192752.5498 0.0311567631527 10.5143205981 -10.2189223351
784394.113087 0.0198110063673 10.0276838707 -10.0388949487
101010101 861.914241003 116.231767432 6.38381436068
2655196.21125 0.0891130529568 16.2469173181 -11.88567243
2612349.77031 0.0866055967224 15.9051271251 -11.8014514453
2567466.7955 0.0840693534602 15.5662019796 -11.7163584567
2520230.93698 0.0814937588031 15.229843 -11.6303224668
2470411.89369 0.078874628962 14.8959183666 -11.5432730001
2417668.69896 0.0762015094501 14.5638880923 -11.4550818015
2361707.55254 0.0734683918423 14.2333060605 -11.3655911253
2301977.81265 0.0706621180591 13.9038119045 -11.2746652817
2237967.14675 0.0677688576337 13.5748991359 -11.1821223294
2168987.89991 0.0647708509075 13.2458480242 -11.0876876214
2093984.32644 0.0616422874184 12.9163153554 -10.9910979037
2011952.43516 0.0583608574771 12.5845393908 -10.8919471205
1920657.19508 0.0548651934494 12.2503634501 -10.7898156454
1818015.85651 0.0511094985762 11.9117951776 -10.6840838962
1699840.84224 0.0469899244351 11.5689801103 -10.5735728095
1559249.00762 0.0423309063301 11.2136441253 -10.4569966304
1383026.90058 0.0368352012216 10.8721593423 -10.3314979943
1134723.7245 0.0294349439352 10.3790051687 -10.1898496331
634929.573302 0.0159921964565 10.0113530915 -10.0160042962
101010101 912.527235475 121.417637607 6.38381436068
2678484.98945 0.0905281237839 16.4532112195 -11.9344661867
2636496.63671 0.088030500733 16.114489251 -11.8520312876
2594017.79699 0.0855731323468 15.7771951621 -11.7682388294
2548650.19325 0.0830479151254 15.4433209488 -11.683847744
2500958.05992 0.080485108208 15.1120164249 -11.5985363745
2450698.51304 0.0778790135803 14.7827925927 -11.5121885563
2397454.1604 0.0752179528154 14.4552464417 -11.4246689576
2340989.00808 0.0724974525286 14.129016163 -11.3358441604
2280680.36838 0.0696986129641 13.8036262872 -11.245547527
2215947.95448 0.0668108639657 13.4786450805 -11.1536255427
2146098.74294 0.0638135814588 13.1534835258 -11.0597687239
2070099.39043 0.0606833927221 12.8269659245 -10.9636963978
1986582.25727 0.0573852822247 12.4989477786 -10.8651135924
1893757.07719 0.0538775512002 12.1672416186 -10.7632703653
1788890.14713 0.0500853077853 11.8321709308 -10.6576752889
1667589.02391 0.0459065971339 11.4888450858 -10.5472902309
1522350.79536 0.041170353799 11.1455171607 -10.4304779234
1339036.87398 0.0355451256108 10.8312557914 -10.3039619233
1073736.633 0.0274292677861 10.1107443424 -10.1527743115
289188.817927 0.00726810772719 10.0 -10.0
101010101 953.017631053 125.510052195 6.38381436068
2695745.514 0.0916009112468 16.6148588452 -11.972329623
2655782.17683 0.0891760939419 16.2773616788 -11.8908440753
2613915.95255 0.0867238394326 15.9422569007 -11.8084107698
2570079.14344 0.0842424833502 15.6101922136 -11.7252502285
2524026.18509 0.0817253350908 15.2807673347 -11.6412255098
2475545.28719 0.0791670723167 14.9535512569 -11.5562371416
2424407.99156 0.0765632008859 14.6278293191 -11.4700254383
2369908.42004 0.0739006017554 14.3043791839 -11.382925602
2312393.61646 0.0711682189501 13.9814077536 -11.294230246
2250724.60771 0.0683587841679 13.6592266142 -11.2040947793
2184416.22684 0.0654526879602 13.3371954965 -11.1122178827
2112691.41553 0.0624306639989 13.0143221134 -11.0183348748
2034418.65273 0.0592651082263 12.6904138109 -10.9222024703
1948198.33082 0.0559204853658 12.3638041533 -10.8232558594
1852012.02843 0.0523496884166 12.0340610745 -10.7209190491
1742334.83604 0.0484615267525 11.6987640565 -10.6147816518
1614296.19081 0.0441405506419 11.3590719796 -10.5025880154
1459213.95706 0.0392177864416 11.0576313399 -10.3867458594
1256420.49087 0.0324132187183 10.1924214415 -10.2586338362
925271.686808 0.0237134897309 10.2353721319 -10.0961143974
101010101 1000.0 130.202876554 6.38381436068
2715315.59221 0.0928312921961 16.798813022 -12.015015019
2676565.4764 0.0904410758604 16.4629849689 -11.9347167374
2636135.35635 0.0880289239304 16.1299075524 -11.8536415991
2593866.6014 0.0855894969321 15.7996263449 -11.7717692605
2549511.90808 0.0831198560425 15.4721986603 -11.6891433754
2502921.09264 0.080612914813 15.1470833519 -11.6056182952
2453844.75624 0.0780629521011 14.8239455383 -11.5210918457
2401981.59541 0.0754632043776 14.5024937387 -11.4354648521
2347007.53804 0.0728037912885 14.1824176673 -11.3486323113
2288431.7497 0.0700742472705 13.8632152037 -11.2604239877
2225770.95862 0.0672616556689 13.5444798419 -11.1706536996
2158313.09205 0.064348894485 13.2254304331 -11.079101889
2085190.04697 0.0613127353515 12.9057830713 -10.9855413645
2005155.14476 0.0581239093157 12.5844279048 -10.8896132974
1916736.80321 0.0547441501843 12.2606173765 -10.7907601799
1817334.97668 0.0511104698981 11.9325067157 -10.6885293117
1703310.10688 0.0471342147836 11.5995069493 -10.5814395217
1568288.8315 0.0426724685067 11.282088299 -10.4702228523
1401130.55388 0.0372491367955 10.7675751911 -10.3496075354
1173748.44714 0.0306538066507 10.523220078 -10.2187515662
777034.022178 0.0196689266254 10.0457436762 -10.0608346555
